W 0 0 300 15
W 400 0 300 15
W 300 0 15 300
W 400 0 15 100
W 100 100 100 15
W 100 100 15 300
W 500 100 15 100
W 600 100 100 15
P 345 15
G 315 615 100 100
W 0 0 700 15
W 0 0 15 700
W 685 0 15 700
W 0 685 700 15
W 400 185 200 15
W 15 385 100 15
W 200 200 15 400
W 400 200 15 200
W 200 385 300 15
W 500 300 200 15
W 600 300 15 100
W 100 500 100 15
W 100 600 15 100
W 300 500 15 200
W 485 400 15 300
W 500 485 100 15
W 585 500 15 100
W 300 600 115 15
W 400 500 15 100
VBO 535 500 20 20 6
HBO 600 535 20 20 4
HBO 415 340 20 20 6
VBO 630 115 20 20 6
PO 315 185 20 20 5 65
PO 315 275 20 20 5 65
LO 115 150 185 2 60
LO 115 273 85 2 40
LO 15 500 85 2 30
LO 160 515 2 170 25
LO 215 550 85 2 20
LO 350 400 2 200 15