P 340 15
W 0 0 700 15
W 0 0 15 700
W 0 685 700 15
W 685 0 15 700
W 200 0 15 100
W 300 0 15 100
W 100 100 15 100
W 400 100 200 15
W 100 200 300 15
W 400 100 15 300
W 500 200 200 15
W 400 300 200 15
W 600 300 15 300
W 15 300 100 15
W 200 300 100 15
W 300 300 15 200
W 100 400 100 15
W 100 400 15 100
W 200 400 15 200
W 500 400 15 100
W 300 500 215 15
W 400 515 15 100
W 0 600 215 15
W 500 585 100 15
W 300 600 100 15
W 300 600 15 100
G 315 615 100 100
LO 15 100 85 2 40
LO 600 100 85 2 30
LO 500 215 2 85 35
LO 15 260 385 2 45
VBO 445 115 20 20 6
VBO 600 215 20 20 4
HBO 620 310 20 20 2
HBO 615 520 20 20 2
PO 515 315 20 20 5 65
PO 515 400 20 20 4 64